 RESULTS OF CONDUCT FOR CARTESIAN COORDINATE SYSTEM
 **************************************************


 ----------------------------------------------------------------
 STEADY CONDUCTION WITH HEAT GENERATION                          
 ----------------------------------------------------------------


  ITER   T(2,2)    T(4,2)    T(6,3)
   0    0.00E+00  0.00E+00  0.00E+00
   1    2.05E-01  4.89E-01  8.98E-01
   2    2.05E-01  4.89E-01  8.98E-01
   3    2.05E-01  4.89E-01  8.98E-01
 

  I =     1        2        3        4        5        6        7
  X = 0.00E+00 1.67E-01 5.00E-01 8.33E-01 1.17E+00 1.50E+00 1.83E+00

  I =     8
  X = 2.00E+00
 

  J =     1        2        3        4        5        6        7
  Y = 0.00E+00 1.67E-01 5.00E-01 8.33E-01 1.17E+00 1.50E+00 1.83E+00

  J =     8
  Y = 2.00E+00

 ******      TEMPERATURE       ******
         --------------------

  I =     1        2        3        4        5        6        7
  J
  8    0.00E+00 0.00E+00 0.00E+00 0.00E+00 0.00E+00 0.00E+00 0.00E+00
  7    0.00E+00 2.05E-01 4.08E-01 4.89E-01 4.89E-01 4.08E-01 2.05E-01
  6    0.00E+00 4.08E-01 8.98E-01 1.11E+00 1.11E+00 8.98E-01 4.08E-01
  5    0.00E+00 4.89E-01 1.11E+00 1.39E+00 1.39E+00 1.11E+00 4.89E-01
  4    0.00E+00 4.89E-01 1.11E+00 1.39E+00 1.39E+00 1.11E+00 4.89E-01
  3    0.00E+00 4.08E-01 8.98E-01 1.11E+00 1.11E+00 8.98E-01 4.08E-01
  2    0.00E+00 2.05E-01 4.08E-01 4.89E-01 4.89E-01 4.08E-01 2.05E-01
  1    0.00E+00 0.00E+00 0.00E+00 0.00E+00 0.00E+00 0.00E+00 0.00E+00

  I =     8
  J
  8    0.00E+00
  7    0.00E+00
  6    0.00E+00
  5    0.00E+00
  4    0.00E+00
  3    0.00E+00
  2    0.00E+00
  1    0.00E+00
